0 1024 1025 2 0
0 1500 1501 127 0
0 1024 1025 1 0
2 0 0 0 0
0 3001 2802 1 0
2 1 1 1 1
1 0 0 0 0
0 1024 1025 2 0
2 0 0 0 0
0 2802 3001 1 0
2 2 2 1 1
1 0 0 0 0
0 1024 1025 2 0
2 0 0 0 0
0 1000 1300 1 0
2 4 4 2 1
1 0 0 0 0
0 1024 1025 2 0
2 0 0 0 0
0 0 1 127 0
0 0 2 127 0
0 0 1 2 0
2 8 8 3 1
1 0 0 0 0
0 1024 1025 2 0
2 0 0 0 0
0 4095 4094 127 0
0 4095 4093 127 0
0 4095 4094 2 0
2 3 19 1 1
1 0 0 0 0
0 1024 1025 2 0
2 0 0 0 0
0 1024 1026 1 0
0 1024 1024 127 0
0 1024 1024 127 0
0 1024 1024 2 0
2 0 0 0 0
0 1024 1024 1 0
2 32 32 5 1
1 0 0 0 0
0 1024 1025 2 0
2 0 0 0 0
0 3200 2500 1 0
2 5 5 6 1
1 0 0 0 0
0 1024 1025 2 0
2 0 0 0 0
0 1000 1300 1 0
2 4 4 2 1
0 1000 1300 1 0
2 4 4 2 1
1 0 0 0 0
0 1000 1300 1 0
2 4 4 2 1
1 0 0 0 0
0 1024 1025 2 0
2 0 0 0 0
