0 0 0 0 0 0 0 0 0 0
1 0 1 1 2048 2047 0 0 0 0
2 1 0 2 0 0 0 0 0 0
3 1 1 4096 0 2049 1 4096 -2048 -1
4 1 1 4097 1 2048 1 4097 -2047 0
5 1 1 4098 2047 2047 1 4098 -1 1
6 1 1 4099 2048 4095 1 4099 0 -2047
7 1 1 4100 2049 4094 1 4100 1 -2046
8 1 1 4101 4094 2049 1 4101 2046 -1
9 1 1 4102 4095 2048 1 4102 2047 0
10 1 1 4103 2047 2047 1 4103 -1 1
11 1 1 4104 2048 1 1 4104 0 2047
12 1 1 4105 2049 0 1 4105 1 2048
13 1 1 4106 0 2048 1 4106 -2048 0
14 1 1 4107 311 311 1 4107 -1737 1737
15 1 1 4108 622 622 1 4108 -1426 1426
16 1 1 4109 933 2048 1 4109 -1115 0
17 1 1 4110 1244 1244 1 4110 -804 804
18 1 1 4111 1555 1555 1 4111 -493 493
19 1 1 4112 1866 2048 1 4112 -182 0
20 1 1 4113 2177 2177 1 4113 129 -129
21 1 1 4114 2488 2488 1 4114 440 -440
22 1 1 4115 2799 2048 1 4115 751 0
23 1 1 4116 3110 3110 1 4116 1062 -1062
24 1 1 4117 3421 3421 1 4117 1373 -1373
25 1 1 4118 1445 1445 1 4118 -603 603
26 1 1 4119 1445 1445 1 4119 -603 603
27 1 1 4120 1445 1445 1 4120 -603 603
28 1 1 4121 826 3403 1 4121 -1222 -1355
29 1 1 4122 2906 2906 1 4122 858 -858
30 1 1 4123 529 529 1 4123 -1519 1519
31 1 1 4124 1174 1174 1 4124 -874 874
32 1 1 4125 3169 3169 1 4125 1121 -1121
33 1 1 4126 3819 2833 1 4126 1771 -785
34 1 1 4127 2456 2816 1 4127 408 -768
35 1 1 4128 604 1922 1 4128 -1444 126
36 1 1 4129 1178 2379 1 4129 -870 -331
37 1 1 4130 199 1880 1 4130 -1849 168
38 1 1 4131 2670 2165 1 4131 622 -117
39 1 1 4132 3594 2431 1 4132 1546 -383
40 1 1 4133 84 3975 1 4133 -1964 -1927
41 1 1 4134 1299 3288 1 4134 -749 -1240
42 1 1 4135 2454 1415 1 4135 406 633
43 1 1 4136 1424 3957 1 4136 -624 -1909
44 1 1 4137 4056 4056 1 4137 2008 -2008
45 1 0 4138 2398 1479 0 4137 2008 -2008
46 1 1 4138 1304 1331 1 4138 -744 717
47 1 0 4139 3726 3726 0 4138 -744 717
48 1 0 4139 3370 2113 0 4138 -744 717
49 1 1 4139 869 3644 1 4139 -1179 -1596
50 1 1 4140 4044 2815 1 4140 1996 -767
51 1 1 4141 2884 2042 1 4141 836 6
52 1 1 4142 1710 2144 1 4142 -338 -96
53 1 1 4143 1682 1682 1 4143 -366 366
54 1 0 4144 1536 1860 0 4143 -366 366
55 1 1 4144 389 3930 1 4144 -1659 -1882
56 1 1 4145 3046 1577 1 4145 998 471
57 1 0 4146 2076 438 0 4145 998 471
58 1 0 4146 3437 701 0 4145 998 471
59 1 1 4146 1950 3118 1 4146 -98 -1070
60 1 0 4147 1011 1011 0 4146 -98 -1070
61 1 0 4147 281 1461 0 4146 -98 -1070
62 1 1 4147 1471 2987 1 4147 -577 -939
63 1 1 4148 3984 1010 1 4148 1936 1038
64 1 0 4149 945 919 0 4148 1936 1038
65 1 1 4149 1531 3802 1 4149 -517 -1754
66 1 1 4150 1990 2463 1 4150 -58 -415
67 1 1 4151 1485 1610 1 4151 -563 438
68 1 0 4152 2799 3681 0 4151 -563 438
69 1 1 4152 814 1318 1 4152 -1234 730
70 1 1 4153 2063 3470 1 4153 15 -1422
71 1 1 4154 742 742 1 4154 -1306 1306
72 1 0 4155 4058 1659 0 4154 -1306 1306
73 1 1 4155 4060 1360 1 4155 2012 688
74 1 0 4156 105 105 0 4155 2012 688
75 1 0 4156 1287 2312 0 4155 2012 688
76 1 1 4156 343 3430 1 4156 -1705 -1382
77 1 1 4157 1156 1400 1 4157 -892 648
78 1 1 4158 1794 1857 1 4158 -254 191
79 1 0 4159 2476 2833 0 4158 -254 191
80 1 1 4159 947 3220 1 4159 -1101 -1172
81 1 0 4160 3642 418 0 4159 -1101 -1172
82 1 1 4160 2718 3346 1 4160 670 -1298
83 1 0 4161 1271 233 0 4160 670 -1298
84 1 1 4161 2653 2653 1 4161 605 -605
85 1 1 4162 4017 2980 1 4162 1969 -932
86 1 1 4163 3454 2234 1 4163 1406 -186
87 1 0 4164 3885 1239 0 4163 1406 -186
88 1 1 4164 2095 2095 1 4164 47 -47
89 1 1 4165 2873 1510 1 4165 825 538
90 1 0 4166 3683 1159 0 4165 825 538
91 1 1 4166 2014 2014 1 4166 -34 34
92 1 1 4167 2049 2047 1 4167 1 1
93 0 0 0 0 0 0 0 0 0
94 0 1 4294967295 4095 2048 0 0 0 0
95 1 1 2779077210 2048 2049 1 2779077210 0 -1
96 1 0 0 0 0 0 2779077210 0 -1
97 1 1 2779077211 2047 2048 1 2779077211 -1 0
98 1 0 0 0 0 0 2779077211 -1 0
