0 0 0 0 0 0 0 0 0 0
1 0 1 1 2048 2047 0 0 0 0
2 1 0 2 0 0 0 0 0 0
3 1 1 4096 0 1 1 4096 0 -1
4 1 1 4097 1 0 1 4097 1 0
5 1 1 4098 2047 0 1 4098 2047 0
6 1 1 4099 2048 4095 1 4099 2048 -4095
7 1 1 4100 2049 4094 1 4100 2049 -4094
8 1 1 4101 4094 2049 1 4101 4094 -2049
9 1 1 4102 4095 2048 1 4102 4095 -2048
10 1 1 4103 0 2047 1 4103 0 -2047
11 1 1 4104 0 1 1 4104 0 -1
12 1 1 4105 1 0 1 4105 1 0
13 1 1 4106 0 2048 1 4106 0 -2048
14 1 1 4107 311 311 1 4107 311 -311
15 1 1 4108 622 622 1 4108 622 -622
16 1 1 4109 933 2048 1 4109 933 -2048
17 1 1 4110 1244 1244 1 4110 1244 -1244
18 1 1 4111 1555 1555 1 4111 1555 -1555
19 1 1 4112 1866 2048 1 4112 1866 -2048
20 1 1 4113 2177 2177 1 4113 2177 -2177
21 1 1 4114 2488 2488 1 4114 2488 -2488
22 1 1 4115 2799 2048 1 4115 2799 -2048
23 1 1 4116 3110 3110 1 4116 3110 -3110
24 1 1 4117 3421 3421 1 4117 3421 -3421
25 1 1 4118 1445 1445 1 4118 1445 -1445
26 1 1 4119 1445 1445 1 4119 1445 -1445
27 1 1 4120 1445 1445 1 4120 1445 -1445
28 1 1 4121 1268 3616 1 4121 1268 -3616
29 1 1 4122 63 2289 1 4122 63 -2289
30 1 0 4123 378 378 0 4122 63 -2289
31 1 0 4123 1994 3710 0 4122 63 -2289
32 1 1 4123 589 1808 1 4123 589 -1808
33 1 0 4124 71 3174 0 4123 589 -1808
34 1 0 4124 3544 1991 0 4123 589 -1808
35 1 1 4124 4091 3564 1 4124 4091 -3564
36 1 1 4125 2245 14 1 4125 2245 -14
37 1 1 4126 664 2631 1 4126 664 -2631
38 1 1 4127 252 3864 1 4127 252 -3864
39 1 1 4128 659 2163 1 4128 659 -2163
40 1 1 4129 2302 2302 1 4129 2302 -2302
41 1 1 4130 259 3743 1 4130 259 -3743
42 1 0 4131 3050 3050 0 4130 259 -3743
43 1 1 4131 3843 304 1 4131 3843 -304
44 1 1 4132 3190 18 1 4132 3190 -18
45 1 1 4133 2977 3976 1 4133 2977 -3976
46 1 1 4134 3341 288 1 4134 3341 -288
47 1 1 4135 977 333 1 4135 977 -333
48 1 1 4136 3459 3459 1 4136 3459 -3459
49 1 1 4137 1035 2591 1 4137 1035 -2591
50 1 1 4138 940 940 1 4138 940 -940
51 1 0 4139 3919 3919 0 4138 940 -940
52 1 1 4139 3824 3824 1 4139 3824 -3824
53 1 1 4140 3987 4075 1 4140 3987 -4075
54 1 1 4141 1771 1771 1 4141 1771 -1771
55 1 1 4142 339 339 1 4142 339 -339
56 1 1 4143 1417 678 1 4143 1417 -678
57 1 1 4144 3170 1169 1 4144 3170 -1169
58 1 1 4145 3127 1295 1 4145 3127 -1295
59 1 1 4146 2709 3007 1 4146 2709 -3007
60 1 0 4147 3637 3637 0 4146 2709 -3007
61 1 0 4147 2759 2759 0 4146 2709 -3007
62 1 1 4147 354 3176 1 4147 354 -3176
63 1 0 4148 4029 2161 0 4147 354 -3176
64 1 1 4148 2298 2298 1 4148 2298 -2298
65 1 1 4149 191 1531 1 4149 191 -1531
66 1 0 4150 2799 824 0 4149 191 -1531
67 1 1 4150 3238 1811 1 4150 3238 -1811
68 1 0 4151 1472 2455 0 4150 3238 -1811
69 1 1 4151 1827 3923 1 4151 1827 -3923
70 1 0 4152 3803 3698 0 4151 1827 -3923
71 1 0 4152 246 2531 0 4151 1827 -3923
72 1 1 4152 2399 2399 1 4152 2399 -2399
73 1 1 4153 1839 962 1 4153 1839 -962
74 1 1 4154 386 276 1 4154 386 -276
75 1 1 4155 3699 2131 1 4155 3699 -2131
76 1 1 4156 2313 2313 1 4156 2313 -2313
77 1 1 4157 2676 4089 1 4157 2676 -4089
78 1 1 4158 3070 1620 1 4158 3070 -1620
79 1 1 4159 3560 3560 1 4159 3560 -3560
80 1 1 4160 1690 3638 1 4160 1690 -3638
81 1 0 4161 3292 1074 0 4160 1690 -3638
82 1 1 4161 89 2697 1 4161 89 -2697
83 1 1 4162 2676 1018 1 4162 2676 -1018
84 1 1 4163 316 316 1 4163 316 -316
85 1 1 4164 2616 2390 1 4164 2616 -2390
86 1 0 4165 3517 515 0 4164 2616 -2390
87 1 1 4165 2469 1803 1 4165 2469 -1803
88 1 0 4166 1233 59 0 4165 2469 -1803
89 1 1 4166 3644 239 1 4166 3644 -239
90 1 1 4167 1326 20 1 4167 1326 -20
91 1 1 4168 3260 3397 1 4168 3260 -3397
92 1 1 4169 2049 2047 1 4169 2049 -2047
93 0 0 0 0 0 0 0 0 0
94 0 1 4294967295 4095 2048 0 0 0 0
95 1 1 2779077210 2048 2049 1 2779077210 2048 -2049
96 1 0 0 0 0 0 2779077210 2048 -2049
97 1 1 2779077211 2047 2048 1 2779077211 2047 -2048
98 1 0 0 0 0 0 2779077211 2047 -2048
