0 0 0 0 0 0 0 0 0 0
1 0 1 1 2048 2047 0 0 0 0
2 1 0 2 0 0 0 0 0 0
3 1 1 4096 0 2049 1 4096 -2048 1
4 1 1 4097 1 2048 1 4097 -2047 0
5 1 1 4098 2047 2047 1 4098 -1 -1
6 1 1 4099 2048 4095 1 4099 0 2047
7 1 1 4100 2049 4094 1 4100 1 2046
8 1 1 4101 4094 2049 1 4101 2046 1
9 1 1 4102 4095 2048 1 4102 2047 0
10 1 1 4103 2047 2047 1 4103 -1 -1
11 1 1 4104 2048 1 1 4104 0 -2047
12 1 1 4105 2049 0 1 4105 1 -2048
13 1 1 4106 0 2048 1 4106 -2048 0
14 1 1 4107 311 311 1 4107 -1737 -1737
15 1 1 4108 622 622 1 4108 -1426 -1426
16 1 1 4109 933 2048 1 4109 -1115 0
17 1 1 4110 1244 1244 1 4110 -804 -804
18 1 1 4111 1555 1555 1 4111 -493 -493
19 1 1 4112 1866 2048 1 4112 -182 0
20 1 1 4113 2177 2177 1 4113 129 129
21 1 1 4114 2488 2488 1 4114 440 440
22 1 1 4115 2799 2048 1 4115 751 0
23 1 1 4116 3110 3110 1 4116 1062 1062
24 1 1 4117 3421 3421 1 4117 1373 1373
25 1 1 4118 1445 1445 1 4118 -603 -603
26 1 1 4119 1445 1445 1 4119 -603 -603
27 1 1 4120 1445 1445 1 4120 -603 -603
28 1 1 4121 753 2168 1 4121 -1295 120
29 1 1 4122 2789 3027 1 4122 741 979
30 1 0 4123 201 1293 0 4122 741 979
31 1 1 4123 1452 513 1 4123 -596 -1535
32 1 0 4124 554 460 0 4123 -596 -1535
33 1 1 4124 1043 3016 1 4124 -1005 968
34 1 1 4125 1950 2973 1 4125 -98 925
35 1 0 4126 2448 858 0 4125 -98 925
36 1 1 4126 944 944 1 4126 -1104 -1104
37 1 1 4127 1630 2121 1 4127 -418 73
38 1 1 4128 2904 643 1 4128 856 -1405
39 1 1 4129 2115 394 1 4129 67 -1654
40 1 1 4130 2035 3550 1 4130 -13 1502
41 1 1 4131 313 1060 1 4131 -1735 -988
42 1 1 4132 781 2142 1 4132 -1267 94
43 1 0 4133 1677 1677 0 4132 -1267 94
44 1 1 4133 930 3562 1 4133 -1118 1514
45 1 0 4134 1631 954 0 4133 -1118 1514
46 1 1 4134 4019 3536 1 4134 1971 1488
47 1 0 4135 2058 2058 0 4134 1971 1488
48 1 1 4135 2135 1059 1 4135 87 -989
49 1 0 4136 1626 1928 0 4135 87 -989
50 1 1 4136 37 1065 1 4136 -2011 -983
51 1 1 4137 3546 1497 1 4137 1498 -551
52 1 1 4138 1664 1664 1 4138 -384 -384
53 1 1 4139 2355 3116 1 4139 307 1068
54 1 0 4140 3925 3452 0 4139 307 1068
55 1 1 4140 3920 45 1 4140 1872 -2003
56 1 1 4141 417 1501 1 4141 -1631 -547
57 1 1 4142 25 25 1 4142 -2023 -2023
58 1 1 4143 2966 3270 1 4143 918 1222
59 1 1 4144 978 978 1 4144 -1070 -1070
60 1 1 4145 2964 2975 1 4145 916 927
61 1 1 4146 885 3075 1 4146 -1163 1027
62 1 0 4147 3366 3366 0 4146 -1163 1027
63 1 1 4147 3745 2487 1 4147 1697 439
64 1 1 4148 1124 2582 1 4148 -924 534
65 1 1 4149 1737 1497 1 4149 -311 -551
66 1 1 4150 3854 773 1 4150 1806 -1275
67 1 0 4151 2935 81 0 4150 1806 -1275
68 1 1 4151 639 3533 1 4151 -1409 1485
69 1 0 4152 3389 2169 0 4151 -1409 1485
70 1 1 4152 330 418 1 4152 -1718 -1630
71 1 1 4153 1008 1090 1 4153 -1040 -958
72 1 1 4154 2882 1254 1 4154 834 -794
73 1 1 4155 2578 1597 1 4155 530 -451
74 1 0 4156 133 1079 0 4155 530 -451
75 1 1 4156 982 1601 1 4156 -1066 -447
76 1 1 4157 2261 2261 1 4157 213 213
77 1 1 4158 3753 1584 1 4158 1705 -464
78 1 1 4159 1215 1106 1 4159 -833 -942
79 1 1 4160 1589 954 1 4160 -459 -1094
80 1 0 4161 3044 2246 0 4160 -459 -1094
81 1 1 4161 741 309 1 4161 -1307 -1739
82 1 0 4162 1210 1147 0 4161 -1307 -1739
83 1 1 4162 2695 3922 1 4162 647 1874
84 1 1 4163 146 277 1 4163 -1902 -1771
85 1 1 4164 1797 13 1 4164 -251 -2035
86 1 0 4165 3205 3956 0 4164 -251 -2035
87 1 1 4165 715 189 1 4165 -1333 -1859
88 1 1 4166 3785 975 1 4166 1737 -1073
89 1 1 4167 139 902 1 4167 -1909 -1146
90 1 0 4168 699 699 0 4167 -1909 -1146
91 1 0 4168 1993 1993 0 4167 -1909 -1146
92 1 1 4168 2049 2047 1 4168 1 -1
93 0 0 0 0 0 0 0 0 0
94 0 1 4294967295 4095 2048 0 0 0 0
95 1 1 2779077210 2048 2049 1 2779077210 0 1
96 1 0 0 0 0 0 2779077210 0 1
97 1 1 2779077211 2047 2048 1 2779077211 -1 0
98 1 0 0 0 0 0 2779077211 -1 0
