0 0 0 0 0 0 0 0 0 0
1 0 1 1 2048 2047 0 0 0 0
2 1 0 2 0 0 0 0 0 0
3 1 1 4096 0 1 1 4096 0 1
4 1 1 4097 1 0 1 4097 1 0
5 1 1 4098 2047 0 1 4098 2047 0
6 1 1 4099 2048 4095 1 4099 -2048 -1
7 1 1 4100 2049 4094 1 4100 -2047 -2
8 1 1 4101 4094 2049 1 4101 -2 -2047
9 1 1 4102 4095 2048 1 4102 -1 -2048
10 1 1 4103 0 2047 1 4103 0 2047
11 1 1 4104 0 1 1 4104 0 1
12 1 1 4105 1 0 1 4105 1 0
13 1 1 4106 0 2048 1 4106 0 -2048
14 1 1 4107 311 311 1 4107 311 311
15 1 1 4108 622 622 1 4108 622 622
16 1 1 4109 933 2048 1 4109 933 -2048
17 1 1 4110 1244 1244 1 4110 1244 1244
18 1 1 4111 1555 1555 1 4111 1555 1555
19 1 1 4112 1866 2048 1 4112 1866 -2048
20 1 1 4113 2177 2177 1 4113 -1919 -1919
21 1 1 4114 2488 2488 1 4114 -1608 -1608
22 1 1 4115 2799 2048 1 4115 -1297 -2048
23 1 1 4116 3110 3110 1 4116 -986 -986
24 1 1 4117 3421 3421 1 4117 -675 -675
25 1 1 4118 1445 1445 1 4118 1445 1445
26 1 1 4119 1445 1445 1 4119 1445 1445
27 1 1 4120 1445 1445 1 4120 1445 1445
28 1 1 4121 2227 1999 1 4121 -1869 1999
29 1 1 4122 1718 1718 1 4122 1718 1718
30 1 1 4123 144 1642 1 4123 144 1642
31 1 1 4124 2254 3724 1 4124 -1842 -372
32 1 1 4125 1482 388 1 4125 1482 388
33 1 1 4126 1736 268 1 4126 1736 268
34 1 1 4127 694 2964 1 4127 694 -1132
35 1 0 4128 105 2188 0 4127 694 -1132
36 1 1 4128 2264 1887 1 4128 -1832 1887
37 1 1 4129 602 3101 1 4129 602 -995
38 1 1 4130 1885 1885 1 4130 1885 1885
39 1 1 4131 1770 1770 1 4131 1770 1770
40 1 1 4132 2362 1633 1 4132 -1734 1633
41 1 1 4133 531 531 1 4133 531 531
42 1 0 4134 3229 3765 0 4133 531 531
43 1 1 4134 2654 955 1 4134 -1442 955
44 1 1 4135 3562 3689 1 4135 -534 -407
45 1 1 4136 2786 817 1 4136 -1310 817
46 1 1 4137 716 204 1 4137 716 204
47 1 0 4138 886 1928 0 4137 716 204
48 1 1 4138 850 290 1 4138 850 290
49 1 1 4139 180 1299 1 4139 180 1299
50 1 1 4140 3434 2628 1 4140 -662 -1468
51 1 1 4141 1545 2892 1 4141 1545 -1204
52 1 1 4142 2833 1629 1 4142 -1263 1629
53 1 1 4143 3691 2534 1 4143 -405 -1562
54 1 0 4144 786 2591 0 4143 -405 -1562
55 1 1 4144 1373 2929 1 4144 1373 -1167
56 1 0 4145 747 2822 0 4144 1373 -1167
57 1 1 4145 565 2679 1 4145 565 -1417
58 1 1 4146 3311 4073 1 4146 -785 -23
59 1 1 4147 3813 820 1 4147 -283 820
60 1 1 4148 2347 2347 1 4148 -1749 -1749
61 1 0 4149 3675 3593 0 4148 -1749 -1749
62 1 1 4149 1799 4094 1 4149 1799 -2
63 1 1 4150 303 391 1 4150 303 391
64 1 1 4151 2999 2759 1 4151 -1097 -1337
65 1 1 4152 1481 3920 1 4152 1481 -176
66 1 0 4153 2407 2675 0 4152 1481 -176
67 1 1 4153 2895 2895 1 4153 -1201 -1201
68 1 0 4154 2772 3102 0 4153 -1201 -1201
69 1 1 4154 1167 1760 1 4154 1167 1760
70 1 1 4155 1849 2632 1 4155 1849 -1464
71 1 1 4156 2846 2846 1 4156 -1250 -1250
72 1 1 4157 3773 2281 1 4157 -323 -1815
73 1 1 4158 959 2825 1 4158 959 -1271
74 1 0 4159 3799 1017 0 4158 959 -1271
75 1 1 4159 968 3717 1 4159 968 -379
76 1 1 4160 2477 2977 1 4160 -1619 -1119
77 1 0 4161 2529 2860 0 4160 -1619 -1119
78 1 1 4161 1982 3404 1 4161 1982 -692
79 1 1 4162 1718 2697 1 4162 1718 -1399
80 1 0 4163 1339 3243 0 4162 1718 -1399
81 1 0 4163 3393 2102 0 4162 1718 -1399
82 1 1 4163 1254 2862 1 4163 1254 -1234
83 1 1 4164 3006 1392 1 4164 -1090 1392
84 1 0 4165 1760 1760 0 4164 -1090 1392
85 1 0 4165 728 2593 0 4164 -1090 1392
86 1 1 4165 2418 2418 1 4165 -1678 -1678
87 1 0 4166 3427 3295 0 4165 -1678 -1678
88 1 1 4166 2717 2954 1 4166 -1379 -1142
89 1 0 4167 78 594 0 4166 -1379 -1142
90 1 1 4167 1268 2374 1 4167 1268 -1722
91 1 1 4168 2887 160 1 4168 -1209 160
92 1 1 4169 2049 2047 1 4169 -2047 2047
93 0 0 0 0 0 0 0 0 0
94 0 1 4294967295 4095 2048 0 0 0 0
95 1 1 2779077210 2048 2049 1 2779077210 -2048 -2047
96 1 0 0 0 0 0 2779077210 -2048 -2047
97 1 1 2779077211 2047 2048 1 2779077211 2047 -2048
98 1 0 0 0 0 0 2779077211 2047 -2048
