0 0 0 0 0 0 0 0 0 0
1 0 1 1 2048 2047 0 0 0 0
2 1 0 2 0 0 0 0 0 0
3 1 1 4096 0 1 1 4096 0 -1
4 1 1 4097 1 0 1 4097 -1 0
5 1 1 4098 2047 0 1 4098 -2047 0
6 1 1 4099 2048 4095 1 4099 2048 1
7 1 1 4100 2049 4094 1 4100 2047 2
8 1 1 4101 4094 2049 1 4101 2 2047
9 1 1 4102 4095 2048 1 4102 1 2048
10 1 1 4103 0 2047 1 4103 0 -2047
11 1 1 4104 0 1 1 4104 0 -1
12 1 1 4105 1 0 1 4105 -1 0
13 1 1 4106 0 2048 1 4106 0 2048
14 1 1 4107 311 311 1 4107 -311 -311
15 1 1 4108 622 622 1 4108 -622 -622
16 1 1 4109 933 2048 1 4109 -933 2048
17 1 1 4110 1244 1244 1 4110 -1244 -1244
18 1 1 4111 1555 1555 1 4111 -1555 -1555
19 1 1 4112 1866 2048 1 4112 -1866 2048
20 1 1 4113 2177 2177 1 4113 1919 1919
21 1 1 4114 2488 2488 1 4114 1608 1608
22 1 1 4115 2799 2048 1 4115 1297 2048
23 1 1 4116 3110 3110 1 4116 986 986
24 1 1 4117 3421 3421 1 4117 675 675
25 1 1 4118 1445 1445 1 4118 -1445 -1445
26 1 1 4119 1445 1445 1 4119 -1445 -1445
27 1 1 4120 1445 1445 1 4120 -1445 -1445
28 1 1 4121 1522 1643 1 4121 -1522 -1643
29 1 1 4122 2018 2018 1 4122 -2018 -2018
30 1 0 4123 1127 3821 0 4122 -2018 -2018
31 1 1 4123 1649 1784 1 4123 -1649 -1784
32 1 1 4124 3698 2718 1 4124 398 1378
33 1 1 4125 1385 3582 1 4125 -1385 514
34 1 1 4126 1447 897 1 4126 -1447 -897
35 1 0 4127 2028 3045 0 4126 -1447 -897
36 1 0 4127 1698 673 0 4126 -1447 -897
37 1 1 4127 602 537 1 4127 -602 -537
38 1 1 4128 2785 2989 1 4128 1311 1107
39 1 0 4129 25 1293 0 4128 1311 1107
40 1 1 4129 139 139 1 4129 -139 -139
41 1 0 4130 414 2633 0 4129 -139 -139
42 1 1 4130 1520 1520 1 4130 -1520 -1520
43 1 1 4131 3432 565 1 4131 664 -565
44 1 1 4132 2923 1761 1 4132 1173 -1761
45 1 1 4133 1401 2239 1 4133 -1401 1857
46 1 0 4134 2916 2265 0 4133 -1401 1857
47 1 0 4134 2812 1899 0 4133 -1401 1857
48 1 1 4134 2737 2646 1 4134 1359 1450
49 1 1 4135 1660 237 1 4135 -1660 -237
50 1 0 4136 3805 2917 0 4135 -1660 -237
51 1 0 4136 1161 944 0 4135 -1660 -237
52 1 1 4136 3215 3727 1 4136 881 369
53 1 0 4137 381 3897 0 4136 881 369
54 1 1 4137 2273 879 1 4137 1823 -879
55 1 1 4138 2125 2125 1 4138 1971 1971
56 1 1 4139 3211 3514 1 4139 885 582
57 1 1 4140 2396 2382 1 4140 1700 1714
58 1 0 4141 1307 2705 0 4140 1700 1714
59 1 1 4141 275 275 1 4141 -275 -275
60 1 1 4142 2293 13 1 4142 1803 -13
61 1 1 4143 2432 1646 1 4143 1664 -1646
62 1 1 4144 1905 1905 1 4144 -1905 -1905
63 1 0 4145 3982 1306 0 4144 -1905 -1905
64 1 1 4145 2510 1011 1 4145 1586 -1011
65 1 1 4146 210 3146 1 4146 -210 950
66 1 0 4147 1898 3028 0 4146 -210 950
67 1 1 4147 2133 1424 1 4147 1963 -1424
68 1 0 4148 2668 389 0 4147 1963 -1424
69 1 1 4148 3513 3513 1 4148 583 583
70 1 1 4149 2011 1474 1 4149 -2011 -1474
71 1 0 4150 1327 481 0 4149 -2011 -1474
72 1 1 4150 1940 3990 1 4150 -1940 106
73 1 1 4151 3816 1934 1 4151 280 -1934
74 1 0 4152 3034 3034 0 4151 280 -1934
75 1 1 4152 3086 785 1 4152 1010 -785
76 1 1 4153 381 3528 1 4153 -381 568
77 1 1 4154 2463 2181 1 4154 1633 1915
78 1 1 4155 3730 3020 1 4155 366 1076
79 1 1 4156 3526 2424 1 4156 570 1672
80 1 1 4157 3070 3884 1 4157 1026 212
81 1 1 4158 2286 2068 1 4158 1810 2028
82 1 0 4159 127 4085 0 4158 1810 2028
83 1 1 4159 501 2256 1 4159 -501 1840
84 1 1 4160 1193 2347 1 4160 -1193 1749
85 1 0 4161 2479 2479 0 4160 -1193 1749
86 1 1 4161 3432 2841 1 4161 664 1255
87 1 0 4162 3887 1503 0 4161 664 1255
88 1 0 4162 1386 3372 0 4161 664 1255
89 1 1 4162 368 2819 1 4162 -368 1277
90 1 0 4163 2182 3314 0 4162 -368 1277
91 1 1 4163 2515 2515 1 4163 1581 1581
92 1 1 4164 2049 2047 1 4164 2047 -2047
93 0 0 0 0 0 0 0 0 0
94 0 1 4294967295 4095 2048 0 0 0 0
95 1 1 2779077210 2048 2049 1 2779077210 2048 2047
96 1 0 0 0 0 0 2779077210 2048 2047
97 1 1 2779077211 2047 2048 1 2779077211 -2047 2048
98 1 0 0 0 0 0 2779077211 -2047 2048
