0 0 0 0 0 0 0 0 0 0
1 0 1 1 2048 2047 0 0 0 0
2 1 0 2 0 0 0 0 0 0
3 1 1 4096 0 4095 1 4096 -4095 0
4 1 1 4097 1 4095 1 4097 -4094 0
5 1 1 4098 2047 4094 1 4098 -2048 1
6 1 1 4099 2048 4095 1 4099 -2047 0
7 1 1 4100 2049 4094 1 4100 -2046 1
8 1 1 4101 4094 2049 1 4101 -1 2046
9 1 1 4102 4095 2048 1 4102 0 2047
10 1 1 4103 4094 2047 1 4103 -1 2048
11 1 1 4104 4095 1 1 4104 0 4094
12 1 1 4105 4095 0 1 4105 0 4095
13 1 1 4106 0 2048 1 4106 -4095 2047
14 1 1 4107 311 311 1 4107 -3784 3784
15 1 1 4108 622 622 1 4108 -3473 3473
16 1 1 4109 933 2048 1 4109 -3162 2047
17 1 1 4110 1244 1244 1 4110 -2851 2851
18 1 1 4111 1555 1555 1 4111 -2540 2540
19 1 1 4112 1866 2048 1 4112 -2229 2047
20 1 1 4113 2177 2177 1 4113 -1918 1918
21 1 1 4114 2488 2488 1 4114 -1607 1607
22 1 1 4115 2799 2048 1 4115 -1296 2047
23 1 1 4116 3110 3110 1 4116 -985 985
24 1 1 4117 3421 3421 1 4117 -674 674
25 1 1 4118 1445 1445 1 4118 -2650 2650
26 1 1 4119 1445 1445 1 4119 -2650 2650
27 1 1 4120 1445 1445 1 4120 -2650 2650
28 1 1 4121 808 2555 1 4121 -3287 1540
29 1 0 4122 733 1927 0 4121 -3287 1540
30 1 1 4122 2962 2962 1 4122 -1133 1133
31 1 1 4123 925 157 1 4123 -3170 3938
32 1 1 4124 2825 695 1 4124 -1270 3400
33 1 0 4125 3712 3712 0 4124 -1270 3400
34 1 1 4125 747 2391 1 4125 -3348 1704
35 1 0 4126 2680 2196 0 4125 -3348 1704
36 1 1 4126 965 1439 1 4126 -3130 2656
37 1 1 4127 1180 1180 1 4127 -2915 2915
38 1 1 4128 3347 3851 1 4128 -748 244
39 1 1 4129 643 643 1 4129 -3452 3452
40 1 0 4130 2193 2976 0 4129 -3452 3452
41 1 1 4130 2530 2530 1 4130 -1565 1565
42 1 0 4131 3762 2230 0 4130 -1565 1565
43 1 0 4131 3888 3888 0 4130 -1565 1565
44 1 1 4131 1173 2101 1 4131 -2922 1994
45 1 0 4132 3840 2369 0 4131 -2922 1994
46 1 0 4132 2400 1333 0 4131 -2922 1994
47 1 1 4132 919 3287 1 4132 -3176 808
48 1 1 4133 2474 3632 1 4133 -1621 463
49 1 1 4134 2799 399 1 4134 -1296 3696
50 1 1 4135 588 2078 1 4135 -3507 2017
51 1 1 4136 78 78 1 4136 -4017 4017
52 1 1 4137 3201 782 1 4137 -894 3313
53 1 1 4138 1246 2503 1 4138 -2849 1592
54 1 0 4139 499 1307 0 4138 -2849 1592
55 1 1 4139 875 875 1 4139 -3220 3220
56 1 1 4140 105 3329 1 4140 -3990 766
57 1 0 4141 3815 3815 0 4140 -3990 766
58 1 1 4141 2017 1137 1 4141 -2078 2958
59 1 1 4142 1271 3751 1 4142 -2824 344
60 1 1 4143 2841 3787 1 4143 -1254 308
61 1 1 4144 1019 2067 1 4144 -3076 2028
62 1 0 4145 1301 3227 0 4144 -3076 2028
63 1 1 4145 2636 2549 1 4145 -1459 1546
64 1 1 4146 1930 1966 1 4146 -2165 2129
65 1 1 4147 2691 2105 1 4147 -1404 1990
66 1 1 4148 3173 515 1 4148 -922 3580
67 1 0 4149 1032 2922 0 4148 -922 3580
68 1 1 4149 3633 3633 1 4149 -462 462
69 1 1 4150 1790 1790 1 4150 -2305 2305
70 1 0 4151 1556 1556 0 4150 -2305 2305
71 1 1 4151 3178 3960 1 4151 -917 135
72 1 1 4152 3545 1248 1 4152 -550 2847
73 1 1 4153 2991 2682 1 4153 -1104 1413
74 1 1 4154 814 929 1 4154 -3281 3166
75 1 0 4155 1490 3187 0 4154 -3281 3166
76 1 1 4155 3461 3994 1 4155 -634 101
77 1 1 4156 1624 1624 1 4156 -2471 2471
78 1 1 4157 3425 369 1 4157 -670 3726
79 1 1 4158 2354 372 1 4158 -1741 3723
80 1 1 4159 767 767 1 4159 -3328 3328
81 1 1 4160 3190 1750 1 4160 -905 2345
82 1 0 4161 1117 1117 0 4160 -905 2345
83 1 1 4161 1065 2487 1 4161 -3030 1608
84 1 1 4162 601 3253 1 4162 -3494 842
85 1 1 4163 1718 1718 1 4163 -2377 2377
86 1 1 4164 1189 1189 1 4164 -2906 2906
87 1 1 4165 3847 904 1 4165 -248 3191
88 1 0 4166 3294 4086 0 4165 -248 3191
89 1 1 4166 1096 103 1 4166 -2999 3992
90 1 0 4167 1220 650 0 4166 -2999 3992
91 1 1 4167 1020 356 1 4167 -3075 3739
92 1 1 4168 2049 2047 1 4168 -2046 2048
93 0 0 0 0 0 0 0 0 0
94 0 1 4294967295 4095 2048 0 0 0 0
95 1 1 2779077210 2048 2049 1 2779077210 -2047 2046
96 1 0 0 0 0 0 2779077210 -2047 2046
97 1 1 2779077211 2047 2048 1 2779077211 -2048 2047
98 1 0 0 0 0 0 2779077211 -2048 2047
